0 -> 1,20
1 -> 2,34
10 -> 12,1292,529
100 -> 101,220
1000 -> 1001
1001 -> 1002
1002 -> 722
1003 -> 1005
1004 -> 1003
1005 -> 894
1006 -> 505
1007 -> 1006
1008 -> 1007
1009 -> 1011
101 -> 102,1429,303,339,519
1010 -> 1009
1011 -> 648
1012 -> 1013
1013 -> 1764,572
1014 -> 1012,1119,2600
1015 -> 1017,1158,1342,1859
1016 -> 2235,673
1017 -> 1016
1018 -> 1020
1019 -> 233
102 -> 2388,66
1020 -> 1019
1021 -> 1023
1022 -> 525
1023 -> 1022
1024 -> 223
1025 -> 1026,1684
1026 -> 1024,1766,2070
1027 -> 1029
1028 -> 1027
1029 -> 921
103 -> 1070,1806,61,691
1030 -> 519
1031 -> 1030
1032 -> 1031
1033 -> 1034,1550,1903
1034 -> 1035
1035 -> 303
1036 -> 1038
1037 -> 1036
1038 -> 158,1827
1039 -> 892
104 -> 105,145,295
1040 -> 1039
1041 -> 1040
1042 -> 1044
1043 -> 1042
1044 -> 132
1045 -> 1047
1046 -> 1045,1552
1047 -> 782
1048 -> 770
1049 -> 1050
105 -> 103,108,1308,354
1050 -> 1048,1420
1051 -> 1052
1052 -> 1053,2562
1053 -> 1412,153
1054 -> 1055,1435
1055 -> 925
1056 -> 1054
1057 -> 1059
1058 -> 1057
1059 -> 1219,729
106 -> 107,113,2067
1060 -> 1061
1061 -> 755
1062 -> 1060
1063 -> 1065
1064 -> 1063
1065 -> 804
1066 -> 1976,449
1067 -> 1068
1068 -> 1066,1317,1505
1069 -> 1071
107 -> 105,2296
1070 -> 1069
1071 -> 103
1072 -> 1073,2306
1073 -> 325
1074 -> 1072
1075 -> 1076
1076 -> 562
1077 -> 1075,2462
1078 -> 1079
1079 -> 337
108 -> 106,219,651
1080 -> 1078
1081 -> 1082,2442
1082 -> 1083
1083 -> 1802,884
1084 -> 247
1085 -> 1086
1086 -> 1084
1087 -> 1088
1088 -> 1871,588
1089 -> 1087,1770
109 -> 111,179
1090 -> 734
1091 -> 1092
1092 -> 1090
1093 -> 933
1094 -> 1093
1095 -> 1094
1096 -> 1098
1097 -> 1096
1098 -> 696
1099 -> 872
11 -> 10,268,38
110 -> 135,49
1100 -> 1101
1101 -> 1099
1102 -> 587
1103 -> 1104
1104 -> 1102
1105 -> 1106
1106 -> 653
1107 -> 1105
1108 -> 1110
1109 -> 2389,488
111 -> 110
1110 -> 1109
1111 -> 1439,149
1112 -> 1113
1113 -> 1111
1114 -> 451
1115 -> 1114,1345
1116 -> 1115
1117 -> 1118
1118 -> 1014
1119 -> 1117,2726
112 -> 114,348,372
1120 -> 1122
1121 -> 939
1122 -> 1121,1602
1123 -> 1124
1124 -> 1125
1125 -> 586
1126 -> 1128
1127 -> 661
1128 -> 1127
1129 -> 1130
113 -> 112,462,683
1130 -> 1131
1131 -> 327
1132 -> 1133,1499
1133 -> 1134,1286
1134 -> 661
1135 -> 1136,2466
1136 -> 1137
1137 -> 396
1138 -> 528
1139 -> 1140
114 -> 106
1140 -> 1138
1141 -> 1143,2058
1142 -> 564
1143 -> 1142,1277
1144 -> 1145
1145 -> 217
1146 -> 1144
1147 -> 1149,1695
1148 -> 1613,181,1831
1149 -> 1148
115 -> 117
1150 -> 2089,840
1151 -> 1150
1152 -> 1151
1153 -> 1154
1154 -> 1155
1155 -> 440
1156 -> 1157
1157 -> 1015
1158 -> 1156,2602
1159 -> 1160
116 -> 118,12
1160 -> 1360,1434,654
1161 -> 1159
1162 -> 1163
1163 -> 190
1164 -> 1162
1165 -> 1167
1166 -> 1165
1167 -> 943
1168 -> 1169
1169 -> 1280,984
117 -> 116,330,349
1170 -> 1168
1171 -> 1172
1172 -> 1173,1539
1173 -> 519
1174 -> 1175
1175 -> 1176
1176 -> 1408,304
1177 -> 1179,1604
1178 -> 1177
1179 -> 158
118 -> 120,969
1180 -> 1181,1474
1181 -> 1182,1737
1182 -> 192
1183 -> 1185
1184 -> 821
1185 -> 1184
1186 -> 1188,2372,2424
1187 -> 1186,1857,1952
1188 -> 965
1189 -> 1190,2756
119 -> 116,1248
1190 -> 703
1191 -> 1189,2439
1192 -> 1194,1521
1193 -> 976
1194 -> 1193
1195 -> 1197
1196 -> 55
1197 -> 1196
1198 -> 1200
1199 -> 153
12 -> 115,2
120 -> 119
1200 -> 1199
1201 -> 1202
1202 -> 1203
1203 -> 926
1204 -> 1205
1205 -> 544
1206 -> 1204
1207 -> 1208
1208 -> 1209,2717
1209 -> 273
121 -> 1594,40,919
1210 -> 594
1211 -> 1212,2260
1212 -> 1210,1702
1213 -> 791
1214 -> 1213
1215 -> 1214
1216 -> 1217
1217 -> 530
1218 -> 1216,1882,2748
1219 -> 1221,1301
122 -> 121,779,825
1220 -> 1059
1221 -> 1220,1873
1222 -> 1223
1223 -> 1224,2350
1224 -> 2537,420
1225 -> 1226,1313
1226 -> 1227
1227 -> 499
1228 -> 1230
1229 -> 1228
123 -> 122,763,894
1230 -> 191
1231 -> 1232
1232 -> 1757,703
1233 -> 1231
1234 -> 385
1235 -> 1234
1236 -> 1235
1237 -> 860
1238 -> 1239
1239 -> 1237
124 -> 126,230
1240 -> 409
1241 -> 1242
1242 -> 1240
1243 -> 1244
1244 -> 2535,980
1245 -> 1243,2135
1246 -> 119
1247 -> 1246
1248 -> 1247
1249 -> 564
125 -> 124
1250 -> 1249
1251 -> 1250
1252 -> 1254
1253 -> 939
1254 -> 1253
1255 -> 1256
1256 -> 2041,2509,707
1257 -> 1255,1425
1258 -> 1260
1259 -> 1258
126 -> 172,428,77
1260 -> 1348,865
1261 -> 1263
1262 -> 134
1263 -> 1262,1653
1264 -> 1265
1265 -> 627
1266 -> 1264
1267 -> 1269
1268 -> 1267
1269 -> 772
127 -> 129
1270 -> 1272,2172,2764
1271 -> 1270,1591
1272 -> 13
1273 -> 1274
1274 -> 1478,706
1275 -> 1273
1276 -> 1143
1277 -> 1278
1278 -> 1276
1279 -> 1169
128 -> 7,835
1280 -> 1281
1281 -> 1279,2249
1282 -> 1283
1283 -> 1284
1284 -> 1288,238
1285 -> 1133,1778
1286 -> 1287
1287 -> 1285,1320,1330
1288 -> 1289
1289 -> 1290
129 -> 128,272
1290 -> 1284
1291 -> 1293
1292 -> 1291,1611
1293 -> 10
1294 -> 1296
1295 -> 1294
1296 -> 588
1297 -> 1466,172
1298 -> 1299,2029
1299 -> 1297
13 -> 1271,15,30,40
130 -> 14
1300 -> 1219
1301 -> 1302
1302 -> 1300
1303 -> 701
1304 -> 1305
1305 -> 1303,1363
1306 -> 105
1307 -> 1306
1308 -> 1307
1309 -> 1311,1547,2711
131 -> 132
1310 -> 1309,2301
1311 -> 61
1312 -> 1225,2569
1313 -> 1314,1954
1314 -> 1312,2556
1315 -> 1316
1316 -> 1068
1317 -> 1315
1318 -> 1319
1319 -> 1287
132 -> 1043,130,242,811,860
1320 -> 1318
1321 -> 1322
1322 -> 1323
1323 -> 2194,45
1324 -> 859
1325 -> 1326
1326 -> 1324
1327 -> 1329
1328 -> 1327
1329 -> 699
133 -> 110
1330 -> 1332
1331 -> 1287,2180
1332 -> 1331
1333 -> 645
1334 -> 1333
1335 -> 1334
1336 -> 1338,1926
1337 -> 274
1338 -> 1337
1339 -> 1341
134 -> 1261,133,2333,848
1340 -> 26
1341 -> 1340
1342 -> 1344
1343 -> 1015
1344 -> 1343
1345 -> 1346
1346 -> 1347,2349,2720
1347 -> 1115
1348 -> 1350
1349 -> 1260
135 -> 134
1350 -> 1349
1351 -> 2752,783
1352 -> 1351
1353 -> 1352
1354 -> 1355
1355 -> 760
1356 -> 1354
1357 -> 397
1358 -> 1357
1359 -> 1358,1529
136 -> 137
1360 -> 1361,1972,2790
1361 -> 1362
1362 -> 1160
1363 -> 1364,2167
1364 -> 1365,2605
1365 -> 1305
1366 -> 1368
1367 -> 1366,1447
1368 -> 350
1369 -> 1656,170
137 -> 138,182
1370 -> 1369
1371 -> 1370
1372 -> 1374
1373 -> 1634,1674,955
1374 -> 1373,1719
1375 -> 70
1376 -> 1375
1377 -> 1376
1378 -> 1379
1379 -> 524
138 -> 1659,30
1380 -> 1378
1381 -> 776
1382 -> 1383,1497
1383 -> 1381
1384 -> 538
1385 -> 1386,2313
1386 -> 1384
1387 -> 750
1388 -> 1389
1389 -> 1387
139 -> 1683,71
1390 -> 1392
1391 -> 936
1392 -> 1391
1393 -> 382
1394 -> 1395
1395 -> 1393
1396 -> 1397
1397 -> 943
1398 -> 1396,2038
1399 -> 1400
14 -> 131,2,233
140 -> 139,193,717
1400 -> 399
1401 -> 1399
1402 -> 1404
1403 -> 393
1404 -> 1403
1405 -> 1407
1406 -> 1405
1407 -> 755
1408 -> 1409
1409 -> 1410
141 -> 140
1410 -> 1176,1419
1411 -> 1053
1412 -> 1413
1413 -> 1411
1414 -> 1415,1460
1415 -> 1416
1416 -> 2284,416
1417 -> 1410
1418 -> 1417
1419 -> 1418
142 -> 143,2282
1420 -> 1421
1421 -> 1422
1422 -> 1050
1423 -> 1257
1424 -> 1423
1425 -> 1424
1426 -> 1427
1427 -> 254
1428 -> 1426
1429 -> 1430,2473
143 -> 144,2102,384
1430 -> 1431,1661
1431 -> 101,2019
1432 -> 1433
1433 -> 1160
1434 -> 1432
1435 -> 1436
1436 -> 1437
1437 -> 1054
1438 -> 1111
1439 -> 1440
144 -> 153,45
1440 -> 1438
1441 -> 688
1442 -> 1441
1443 -> 1442
1444 -> 920
1445 -> 1446
1446 -> 1444
1447 -> 1449
1448 -> 1367
1449 -> 1448
145 -> 147,162
1450 -> 1451
1451 -> 1452
1452 -> 2
1453 -> 1455
1454 -> 1453
1455 -> 228
1456 -> 251
1457 -> 1458
1458 -> 1456,2146
1459 -> 1414
146 -> 104,1492,164,320
1460 -> 1461,1773
1461 -> 1459
1462 -> 1464
1463 -> 590
1464 -> 1463
1465 -> 1297
1466 -> 1467,1671
1467 -> 1465,2097
1468 -> 1469
1469 -> 1540,948
147 -> 146,694
1470 -> 1468
1471 -> 669
1472 -> 1471
1473 -> 1472
1474 -> 1476
1475 -> 1180
1476 -> 1475
1477 -> 1479
1478 -> 1477
1479 -> 1274,2208,2654
148 -> 150
1480 -> 1481
1481 -> 1482
1482 -> 812
1483 -> 354
1484 -> 1483
1485 -> 1484,2697
1486 -> 1488
1487 -> 1902,758
1488 -> 1487
1489 -> 1491,2451
149 -> 1112,1928,5
1490 -> 152
1491 -> 1490
1492 -> 1494
1493 -> 146
1494 -> 1493
1495 -> 1496
1496 -> 1382
1497 -> 1495
1498 -> 1132,1590
1499 -> 1500
15 -> 14,2323,473
150 -> 149,255
1500 -> 1498
1501 -> 928
1502 -> 1501
1503 -> 1502
1504 -> 1506
1505 -> 1504
1506 -> 1068
1507 -> 798
1508 -> 1509
1509 -> 1507
151 -> 152,169
1510 -> 291
1511 -> 1512
1512 -> 1510
1513 -> 1515
1514 -> 618
1515 -> 1514
1516 -> 317
1517 -> 1516
1518 -> 1517,2503
1519 -> 1520,1740,2745
152 -> 144,1489,291
1520 -> 1192
1521 -> 1519,2177
1522 -> 1523
1523 -> 1524
1524 -> 804
1525 -> 1526
1526 -> 382
1527 -> 1525
1528 -> 1530
1529 -> 1528
153 -> 1051,1198,151,657
1530 -> 1359,2656
1531 -> 348
1532 -> 1533,1985
1533 -> 1531
1534 -> 1536
1535 -> 560
1536 -> 1535
1537 -> 1538
1538 -> 1172
1539 -> 1537
154 -> 156
1540 -> 1542
1541 -> 1469,1988
1542 -> 1541
1543 -> 1544,1731
1544 -> 1545
1545 -> 631
1546 -> 1309
1547 -> 1548,1885
1548 -> 1546
1549 -> 1033,2113
155 -> 154,256
1550 -> 1551
1551 -> 1549
1552 -> 1553
1553 -> 1554
1554 -> 1046
1555 -> 238
1556 -> 1557
1557 -> 1555
1558 -> 1560
1559 -> 1558,2399
156 -> 33,543
1560 -> 90
1561 -> 1562
1562 -> 786
1563 -> 1561,2303
1564 -> 1566
1565 -> 818
1566 -> 1565
1567 -> 1569
1568 -> 2211,513
1569 -> 1568,1877,2110
157 -> 158
1570 -> 1786,564
1571 -> 1572
1572 -> 1570
1573 -> 1575
1574 -> 1573,1668,1992,2728
1575 -> 343
1576 -> 762
1577 -> 1576
1578 -> 1577
1579 -> 1580,2580
158 -> 1037,1178,19,638
1580 -> 1581
1581 -> 227
1582 -> 1583
1583 -> 1584
1584 -> 287
1585 -> 414
1586 -> 1587
1587 -> 1585
1588 -> 1498
1589 -> 1588,1816
159 -> 157
1590 -> 1589
1591 -> 1592
1592 -> 1593
1593 -> 1271
1594 -> 1596,1983
1595 -> 121
1596 -> 1595
1597 -> 1598
1598 -> 667
1599 -> 1597,1942
16 -> 18
160 -> 161
1600 -> 1122
1601 -> 1600
1602 -> 1601
1603 -> 1605
1604 -> 1603,2087
1605 -> 1177
1606 -> 842
1607 -> 1606
1608 -> 1607
1609 -> 1610
161 -> 145,751
1610 -> 1292
1611 -> 1609
1612 -> 1148,1716
1613 -> 1614
1614 -> 1612,2252
1615 -> 248
1616 -> 1617
1617 -> 1615,2357,2777
1618 -> 886
1619 -> 1620,2787
162 -> 160,2005,251
1620 -> 1618,1919
1621 -> 1623
1622 -> 1621
1623 -> 35
1624 -> 1625
1625 -> 825
1626 -> 1624
1627 -> 1628,2467
1628 -> 1629
1629 -> 191
163 -> 146
1630 -> 1631
1631 -> 1632
1632 -> 567
1633 -> 1373
1634 -> 1635
1635 -> 1633
1636 -> 1637
1637 -> 633
1638 -> 1636,1699
1639 -> 1641
164 -> 165,578
1640 -> 1639
1641 -> 487
1642 -> 1643
1643 -> 438
1644 -> 1642,2767
1645 -> 1647
1646 -> 1645
1647 -> 776
1648 -> 1650
1649 -> 205
165 -> 163
1650 -> 1649
1651 -> 1263
1652 -> 1651,2244
1653 -> 1652
1654 -> 1369
1655 -> 1654
1656 -> 1655
1657 -> 1658
1658 -> 138
1659 -> 1657
166 -> 167
1660 -> 1430
1661 -> 1662
1662 -> 1660
1663 -> 1665,2618
1664 -> 1663
1665 -> 579
1666 -> 1574
1667 -> 1666
1668 -> 1667,1677,2630
1669 -> 1670
167 -> 168,214
1670 -> 1466
1671 -> 1669
1672 -> 1373
1673 -> 1672
1674 -> 1673
1675 -> 1668
1676 -> 1675
1677 -> 1676
1678 -> 1679,1782
1679 -> 704
168 -> 46
1680 -> 1678,2679
1681 -> 139
1682 -> 1681
1683 -> 1682,1732,1963
1684 -> 1686
1685 -> 1025
1686 -> 1685
1687 -> 1688
1688 -> 818
1689 -> 1687
169 -> 171,448,470
1690 -> 1692,2343
1691 -> 964
1692 -> 1691
1693 -> 1694,1721,2327
1694 -> 1147
1695 -> 1693
1696 -> 1698
1697 -> 1696
1698 -> 689
1699 -> 1700
17 -> 16,187,33
170 -> 1371,151,689,767
1700 -> 1701
1701 -> 1638
1702 -> 1704
1703 -> 1212
1704 -> 1703,2290
1705 -> 1707
1706 -> 18
1707 -> 1706
1708 -> 1709,2027
1709 -> 1710
171 -> 170,2517
1710 -> 570
1711 -> 1712
1712 -> 1713
1713 -> 967
1714 -> 1715
1715 -> 1612
1716 -> 1714
1717 -> 1718
1718 -> 1374
1719 -> 1717
172 -> 1298,174,293
1720 -> 1693
1721 -> 1722,1845
1722 -> 1720
1723 -> 1725
1724 -> 1723,2106
1725 -> 34
1726 -> 1727
1727 -> 1728
1728 -> 554
1729 -> 1730
173 -> 126
1730 -> 1543
1731 -> 1729
1732 -> 1734,2184
1733 -> 1683
1734 -> 1733
1735 -> 1181
1736 -> 1735
1737 -> 1736
1738 -> 1739
1739 -> 1519
174 -> 173,2406
1740 -> 1738
1741 -> 618
1742 -> 1743
1743 -> 1741
1744 -> 1745
1745 -> 1746
1746 -> 964
1747 -> 1748
1748 -> 269
1749 -> 1747
175 -> 177
1750 -> 80
1751 -> 1752
1752 -> 1750
1753 -> 609
1754 -> 1755,1797
1755 -> 1753
1756 -> 1758
1757 -> 1756
1758 -> 1232
1759 -> 712
176 -> 52
1760 -> 1759
1761 -> 1760
1762 -> 1763,2483
1763 -> 1013
1764 -> 1762
1765 -> 1767
1766 -> 1765
1767 -> 1026
1768 -> 1769
1769 -> 1089
177 -> 176,746
1770 -> 1768
1771 -> 1460
1772 -> 1771
1773 -> 1772
1774 -> 1775
1775 -> 1776
1776 -> 2288,234
1777 -> 1779
1778 -> 1777
1779 -> 1285
178 -> 180
1780 -> 1678
1781 -> 1780
1782 -> 1781
1783 -> 1784
1784 -> 659
1785 -> 1783
1786 -> 1787
1787 -> 1788
1788 -> 1570
1789 -> 1791
179 -> 178,666
1790 -> 912
1791 -> 1790
1792 -> 1794
1793 -> 982
1794 -> 1793
1795 -> 1754,1828
1796 -> 1795
1797 -> 1796
1798 -> 20
1799 -> 1798
18 -> 1705,200,368,5,59
180 -> 109
1800 -> 1799
1801 -> 1083,2795
1802 -> 1803
1803 -> 1801,2798
1804 -> 103,2062
1805 -> 1804
1806 -> 1805
1807 -> 553
1808 -> 1809
1809 -> 1807
181 -> 1147,183,2684
1810 -> 1811
1811 -> 1812
1812 -> 849
1813 -> 974
1814 -> 1813
1815 -> 1814
1816 -> 1817
1817 -> 1818
1818 -> 1589
1819 -> 857
182 -> 181
1820 -> 1819
1821 -> 1820,1937
1822 -> 1823
1823 -> 407
1824 -> 1822
1825 -> 1038
1826 -> 1825
1827 -> 1826,2508
1828 -> 1830
1829 -> 1795,2480
183 -> 137,196,261,979
1830 -> 1829
1831 -> 1833,2566
1832 -> 1148
1833 -> 1832
1834 -> 1836
1835 -> 843
1836 -> 1835,2362
1837 -> 1838
1838 -> 1839
1839 -> 301
184 -> 45,721
1840 -> 1842
1841 -> 1840
1842 -> 747
1843 -> 1844
1844 -> 1721
1845 -> 1843
1846 -> 1847
1847 -> 920
1848 -> 1846
1849 -> 941
185 -> 184
1850 -> 1851
1851 -> 1849
1852 -> 1853,1911
1853 -> 1854
1854 -> 1970,620
1855 -> 1856,2581
1856 -> 1187
1857 -> 1855
1858 -> 1860
1859 -> 1858,2750
186 -> 185,264
1860 -> 1015
1861 -> 1863
1862 -> 1861
1863 -> 878
1864 -> 1865
1865 -> 1866,2597
1866 -> 454
1867 -> 1869
1868 -> 1867
1869 -> 2188,341
187 -> 189,570
1870 -> 1872
1871 -> 1870
1872 -> 1088
1873 -> 1874
1874 -> 1875
1875 -> 1221
1876 -> 1569
1877 -> 1878
1878 -> 1876
1879 -> 1880
188 -> 17,561,992
1880 -> 1881
1881 -> 434
1882 -> 1883
1883 -> 1884
1884 -> 1218
1885 -> 1886
1886 -> 1887
1887 -> 1547
1888 -> 736
1889 -> 1890
189 -> 188,203,2197,754
1890 -> 1888
1891 -> 1893
1892 -> 942
1893 -> 1892
1894 -> 1896
1895 -> 1894
1896 -> 322
1897 -> 698
1898 -> 1897
1899 -> 1898
19 -> 159,21,710
190 -> 1164,191,281
1900 -> 1901
1901 -> 1487
1902 -> 1900
1903 -> 1904
1904 -> 1905
1905 -> 1033
1906 -> 2410,546
1907 -> 1906
1908 -> 1907
1909 -> 1852
191 -> 1229,1627,52,970
1910 -> 1909
1911 -> 1910
1912 -> 1914
1913 -> 245
1914 -> 1913,2477
1915 -> 1916
1916 -> 1917
1917 -> 682
1918 -> 1620
1919 -> 1920
192 -> 1180,190
1920 -> 1918,1961
1921 -> 1922
1922 -> 713
1923 -> 1921
1924 -> 1336
1925 -> 1924
1926 -> 1925
1927 -> 149
1928 -> 1929
1929 -> 1927
193 -> 194
1930 -> 1931
1931 -> 881
1932 -> 1930
1933 -> 1935
1934 -> 55
1935 -> 1934
1936 -> 1938
1937 -> 1936
1938 -> 1821
1939 -> 1941
194 -> 195
1940 -> 1939
1941 -> 508
1942 -> 1943
1943 -> 1944,2407
1944 -> 1599
1945 -> 647
1946 -> 1947
1947 -> 1945
1948 -> 1949
1949 -> 940
195 -> 140,409,585
1950 -> 1948
1951 -> 1187
1952 -> 1953
1953 -> 1951,2452
1954 -> 1956
1955 -> 1313
1956 -> 1955
1957 -> 1959
1958 -> 898
1959 -> 1958
196 -> 198
1960 -> 1920
1961 -> 1962
1962 -> 1960
1963 -> 1964
1964 -> 1965
1965 -> 1683
1966 -> 342
1967 -> 1968
1968 -> 1966
1969 -> 1971
197 -> 183
1970 -> 1969
1971 -> 1854
1972 -> 1973
1973 -> 1974
1974 -> 1360
1975 -> 1977
1976 -> 1975
1977 -> 1066
1978 -> 525
1979 -> 1978
198 -> 197
1980 -> 1979
1981 -> 1594
1982 -> 1981
1983 -> 1982
1984 -> 1532,2187
1985 -> 1986,2140
1986 -> 1984
1987 -> 1541
1988 -> 1989
1989 -> 1987
199 -> 201
1990 -> 1991,2526
1991 -> 1574
1992 -> 1990
1993 -> 63
1994 -> 1993
1995 -> 1994
1996 -> 1997
1997 -> 223
1998 -> 1996
1999 -> 2001
2 -> 11,13,1450,3,5,72,9
20 -> 1800,19,27
200 -> 199,359
2000 -> 279
2001 -> 2000
2002 -> 546
2003 -> 2004
2004 -> 2002
2005 -> 2007
2006 -> 162
2007 -> 2006,2574
2008 -> 30
2009 -> 2008
201 -> 18
2010 -> 2009
2011 -> 663
2012 -> 2011
2013 -> 2012
2014 -> 2015
2015 -> 2016
2016 -> 787
2017 -> 1431
2018 -> 2017,2193
2019 -> 2018
202 -> 204
2020 -> 2022
2021 -> 241
2022 -> 2021
2023 -> 2024
2024 -> 687
2025 -> 2023
2026 -> 2028
2027 -> 2026
2028 -> 1708
2029 -> 2030
203 -> 202,299
2030 -> 2031
2031 -> 1298
2032 -> 2034
2033 -> 2032
2034 -> 2641,618
2035 -> 2036
2036 -> 2037
2037 -> 2459,681
2038 -> 2039
2039 -> 2040
204 -> 189
2040 -> 1398
2041 -> 2043
2042 -> 1256
2043 -> 2042
2044 -> 925
2045 -> 2046
2046 -> 2044
2047 -> 2049
2048 -> 300
2049 -> 2048
205 -> 1648,207
2050 -> 2051
2051 -> 59
2052 -> 2050,2384
2053 -> 2055
2054 -> 2053
2055 -> 751
2056 -> 1141,2153
2057 -> 2056,2492
2058 -> 2057,2130
2059 -> 2061
206 -> 652,68
2060 -> 2059
2061 -> 257
2062 -> 2063
2063 -> 2064
2064 -> 1804
2065 -> 2066
2066 -> 106
2067 -> 2065
2068 -> 1026
2069 -> 2068
207 -> 206
2070 -> 2069
2071 -> 2072
2072 -> 2073
2073 -> 485
2074 -> 2076
2075 -> 38
2076 -> 2075
2077 -> 2079
2078 -> 866
2079 -> 2078
208 -> 209
2080 -> 2082
2081 -> 2080
2082 -> 2589,434
2083 -> 2085
2084 -> 851
2085 -> 2084
2086 -> 2088,2109
2087 -> 2086
2088 -> 1604
2089 -> 2091
209 -> 210,771
2090 -> 1150
2091 -> 2090
2092 -> 2093
2093 -> 795
2094 -> 2092
2095 -> 1467
2096 -> 2095
2097 -> 2096,2595
2098 -> 2100
2099 -> 2098
21 -> 0,67,727
210 -> 89
2100 -> 606
2101 -> 2103
2102 -> 2101
2103 -> 143
2104 -> 2105
2105 -> 1724
2106 -> 2104
2107 -> 2108
2108 -> 2086
2109 -> 2107
211 -> 213,844
2110 -> 2111
2111 -> 2112,2122
2112 -> 1569
2113 -> 2115,2228
2114 -> 1549
2115 -> 2114
2116 -> 2118
2117 -> 2116
2118 -> 790
2119 -> 2120
212 -> 211
2120 -> 2121
2121 -> 681
2122 -> 2123
2123 -> 2124
2124 -> 2111
2125 -> 22
2126 -> 2127
2127 -> 2125
2128 -> 2129
2129 -> 2058
213 -> 2472,43
2130 -> 2128
2131 -> 2132
2132 -> 2133,2293
2133 -> 501
2134 -> 1245
2135 -> 2136
2136 -> 2134
2137 -> 2139
2138 -> 2137,2429
2139 -> 904
214 -> 216,245
2140 -> 2141
2141 -> 2142
2142 -> 1985
2143 -> 2144
2144 -> 688
2145 -> 2143
2146 -> 2148
2147 -> 1458,2161
2148 -> 2147
2149 -> 746
215 -> 167,556
2150 -> 2149
2151 -> 2150
2152 -> 2056
2153 -> 2154
2154 -> 2152,2774
2155 -> 2156
2156 -> 2157,2421,2590
2157 -> 2316,824
2158 -> 2160
2159 -> 2158
216 -> 215,434
2160 -> 866
2161 -> 2163
2162 -> 2147
2163 -> 2162,2225
2164 -> 2165
2165 -> 271
2166 -> 2164
2167 -> 2168
2168 -> 2169
2169 -> 1363
217 -> 1146,218,335
2170 -> 1270
2171 -> 2170
2172 -> 2171
2173 -> 2549,28
2174 -> 2175
2175 -> 2173
2176 -> 2178
2177 -> 2176
2178 -> 1521,2213
2179 -> 1331
218 -> 108
2180 -> 2181
2181 -> 2179
2182 -> 1732
2183 -> 2182
2184 -> 2183
2185 -> 2186
2186 -> 1984
2187 -> 2185
2188 -> 2190
2189 -> 1869
219 -> 217
2190 -> 2189
2191 -> 2192
2192 -> 2018
2193 -> 2191
2194 -> 2195
2195 -> 2196
2196 -> 1323
2197 -> 2198
2198 -> 2199
2199 -> 189
22 -> 2126,24,92
220 -> 222
2200 -> 918
2201 -> 2202
2202 -> 2200
2203 -> 679
2204 -> 2205
2205 -> 2203,2321
2206 -> 2207
2207 -> 1479
2208 -> 2206
2209 -> 1568
221 -> 100
2210 -> 2209
2211 -> 2210
2212 -> 2178
2213 -> 2214
2214 -> 2212
2215 -> 2216
2216 -> 2217
2217 -> 775
2218 -> 2691,514
2219 -> 2220
222 -> 221
2220 -> 2218
2221 -> 268
2222 -> 2221,2485
2223 -> 2222
2224 -> 2226
2225 -> 2224
2226 -> 2163
2227 -> 2113
2228 -> 2229
2229 -> 2227,2722
223 -> 1025,1998,225
2230 -> 719
2231 -> 2230
2232 -> 2231
2233 -> 2234
2234 -> 1016
2235 -> 2233
2236 -> 2237
2237 -> 2238
2238 -> 689
2239 -> 2240
224 -> 223
2240 -> 722
2241 -> 2239
2242 -> 2243
2243 -> 1652
2244 -> 2242
2245 -> 2246,2585
2246 -> 2247
2247 -> 832
2248 -> 2250
2249 -> 2248
225 -> 37
2250 -> 1281
2251 -> 1614
2252 -> 2253
2253 -> 2251
2254 -> 2256
2255 -> 508
2256 -> 2255
2257 -> 2259
2258 -> 2257
2259 -> 937
226 -> 526,54
2260 -> 2261
2261 -> 2262
2262 -> 1211,2397
2263 -> 571
2264 -> 2265
2265 -> 2263
2266 -> 2268
2267 -> 2266,2271
2268 -> 272
2269 -> 2270
227 -> 1579,228
2270 -> 2267
2271 -> 2269
2272 -> 923
2273 -> 2272
2274 -> 2273
2275 -> 2276,2763
2276 -> 396
2277 -> 2275
2278 -> 2280
2279 -> 2278,2771
228 -> 1454,226
2280 -> 933
2281 -> 142,2651
2282 -> 2283
2283 -> 2281
2284 -> 2285
2285 -> 2286
2286 -> 1416
2287 -> 2289
2288 -> 2287
2289 -> 1776
229 -> 124
2290 -> 2291
2291 -> 2292
2292 -> 1704
2293 -> 2295
2294 -> 2132
2295 -> 2294
2296 -> 2298
2297 -> 107
2298 -> 2297
2299 -> 2300
23 -> 417,8
230 -> 231
2300 -> 1310
2301 -> 2299
2302 -> 2304
2303 -> 2302
2304 -> 1563
2305 -> 1072
2306 -> 2307
2307 -> 2305
2308 -> 2310
2309 -> 2308
231 -> 229
2310 -> 326
2311 -> 1385
2312 -> 2311
2313 -> 2312
2314 -> 2157
2315 -> 2314
2316 -> 2315
2317 -> 414
2318 -> 2319
2319 -> 2317
232 -> 14
2320 -> 2205
2321 -> 2322
2322 -> 2320
2323 -> 2324
2324 -> 2325
2325 -> 15
2326 -> 1693
2327 -> 2328
2328 -> 2326
2329 -> 968
233 -> 1018,234
2330 -> 2331
2331 -> 2329
2332 -> 134
2333 -> 2334
2334 -> 2332
2335 -> 2337
2336 -> 2335
2337 -> 2644,645
2338 -> 2340
2339 -> 2338
234 -> 1774,232
2340 -> 416
2341 -> 2342
2342 -> 1690
2343 -> 2341
2344 -> 2346
2345 -> 2344
2346 -> 296
2347 -> 1346
2348 -> 2347
2349 -> 2348
235 -> 237,954
2350 -> 2352
2351 -> 1223
2352 -> 2351
2353 -> 880
2354 -> 2353,2378
2355 -> 2354,2672
2356 -> 1617
2357 -> 2358
2358 -> 2356
2359 -> 543
236 -> 28,508
2360 -> 2359
2361 -> 2360
2362 -> 2363
2363 -> 2364
2364 -> 1836
2365 -> 267
2366 -> 2365
2367 -> 2366
2368 -> 2369
2369 -> 281
237 -> 236,247,278
2370 -> 2368
2371 -> 2373
2372 -> 2371
2373 -> 1186
2374 -> 299
2375 -> 2374
2376 -> 2375,2616,2741
2377 -> 2379
2378 -> 2377
2379 -> 2354
238 -> 1282,1556,240
2380 -> 2381
2381 -> 2382,2669
2382 -> 35
2383 -> 2385
2384 -> 2383
2385 -> 2052
2386 -> 2387
2387 -> 102
2388 -> 2386
2389 -> 2390
239 -> 238
2390 -> 2391
2391 -> 1109
2392 -> 2394
2393 -> 719
2394 -> 2393,2501
2395 -> 2262,2703
2396 -> 2395
2397 -> 2396
2398 -> 2400
2399 -> 2398
24 -> 23
240 -> 72
2400 -> 1559
2401 -> 2403
2402 -> 2632,327
2403 -> 2402
2404 -> 2405
2405 -> 174
2406 -> 2404
2407 -> 2408
2408 -> 2409
2409 -> 1943
241 -> 2020,243,477
2410 -> 2412
2411 -> 1906
2412 -> 2411
2413 -> 2415
2414 -> 775
2415 -> 2414
2416 -> 2418
2417 -> 2416
2418 -> 644
2419 -> 2420
242 -> 241,305
2420 -> 2156
2421 -> 2419
2422 -> 2423
2423 -> 1186
2424 -> 2422
2425 -> 2426
2426 -> 2427
2427 -> 379
2428 -> 2138,2542
2429 -> 2430
243 -> 132
2430 -> 2428
2431 -> 2432
2432 -> 2433
2433 -> 492
2434 -> 2436
2435 -> 781
2436 -> 2435
2437 -> 2438
2438 -> 1191
2439 -> 2437
244 -> 214
2440 -> 2441
2441 -> 1081
2442 -> 2440
2443 -> 2444
2444 -> 2445
2445 -> 401
2446 -> 971
2447 -> 2448
2448 -> 2446
2449 -> 2450
245 -> 1912,246
2450 -> 1489
2451 -> 2449
2452 -> 2453
2453 -> 2454
2454 -> 1953
2455 -> 2457
2456 -> 2622,786
2457 -> 2456
2458 -> 2460
2459 -> 2458
246 -> 244
2460 -> 2037
2461 -> 2463
2462 -> 2461
2463 -> 1077
2464 -> 1135
2465 -> 2464
2466 -> 2465
2467 -> 2468
2468 -> 2469
2469 -> 1627
247 -> 1085,248,885
2470 -> 213
2473 -> 2475
2474 -> 1429
2475 -> 2474
2476 -> 2478,2687
2477 -> 2476
2478 -> 1914
2479 -> 1829
248 -> 1616,249
2480 -> 2481
2481 -> 2479
2482 -> 2484
2483 -> 2482
2484 -> 1762
2485 -> 2486
2486 -> 2487
2487 -> 2222
2488 -> 2489
2489 -> 2490
249 -> 237,412
2490 -> 519
2491 -> 2057
2492 -> 2493
2493 -> 2491
2494 -> 2496
2495 -> 847
2496 -> 2495
2497 -> 2498
2498 -> 2499
2499 -> 738
25 -> 20,581
250 -> 252
2500 -> 2502
2501 -> 2500
2502 -> 2394
2503 -> 2505
2504 -> 1518
2505 -> 2504
2506 -> 2507
2507 -> 1827
2508 -> 2506
2509 -> 2510
251 -> 1457,250,484,532
2510 -> 2511
2511 -> 1256
2512 -> 2514,2682
2513 -> 2512
2514 -> 87
2515 -> 2516
2516 -> 171
2517 -> 2515
2518 -> 2520
2519 -> 2518
252 -> 162,316
2520 -> 873
2521 -> 2523
2522 -> 2521
2523 -> 757
2524 -> 1990
2525 -> 2524
2526 -> 2525
2527 -> 2528
2528 -> 689
2529 -> 2527
253 -> 150
2530 -> 542
2531 -> 2530
2532 -> 2531
2533 -> 2534
2534 -> 1244
2535 -> 2533
2536 -> 2538
2537 -> 2536
2538 -> 1224
2539 -> 29
254 -> 1428,253,647,777
2540 -> 2541
2541 -> 2539
2542 -> 2543
2543 -> 2544
2544 -> 2428
2545 -> 475
2546 -> 2547
2547 -> 2545
2548 -> 2550
2549 -> 2548
255 -> 254,2732
2550 -> 2173
2551 -> 2552
2552 -> 2553
2553 -> 89
2554 -> 1314
2555 -> 2554
2556 -> 2555
2557 -> 2559
2558 -> 273
2559 -> 2558
256 -> 257
2560 -> 1052
2561 -> 2560
2562 -> 2561,2624
2563 -> 307
2564 -> 2565
2565 -> 2563
2566 -> 2567
2567 -> 2568
2568 -> 1831
2569 -> 2570
257 -> 2060,258
2570 -> 2571
2571 -> 1312
2572 -> 2573
2573 -> 2007
2574 -> 2572
2575 -> 965
2576 -> 2575
2577 -> 2576
2578 -> 1579
2579 -> 2578
258 -> 155,310,459
2580 -> 2579
2581 -> 2583
2582 -> 1855
2583 -> 2582
2584 -> 2245
2585 -> 2586
2586 -> 2584,2758
2587 -> 2082,2626
2588 -> 2587
2589 -> 2588
259 -> 260,444
2590 -> 2591
2591 -> 2592
2592 -> 2156
2593 -> 2097
2594 -> 2593,2784
2595 -> 2594
2596 -> 1865
2597 -> 2598
2598 -> 2596
2599 -> 2601
26 -> 1339,25,432,609
260 -> 183,842
2600 -> 2599
2601 -> 1014
2602 -> 2603
2603 -> 2604
2604 -> 1158
2605 -> 2606
2606 -> 2607
2607 -> 1364
2608 -> 2610
2609 -> 2608
261 -> 259
2610 -> 333
2611 -> 2613
2612 -> 590
2613 -> 2612
2614 -> 2615
2615 -> 2376
2616 -> 2614
2617 -> 2619
2618 -> 2617
2619 -> 1663
262 -> 263,816
2620 -> 2621
2621 -> 2456
2622 -> 2620
2623 -> 2562
2624 -> 2625
2625 -> 2623
2626 -> 2627
2627 -> 2628
2628 -> 2587
2629 -> 2631
263 -> 186
2630 -> 2629
2631 -> 1668
2632 -> 2633
2633 -> 2634
2634 -> 2402
2635 -> 2637
2636 -> 310
2637 -> 2636
2638 -> 2639
2639 -> 559
264 -> 262,307,547
2640 -> 2638
2641 -> 2642
2642 -> 2643
2643 -> 2034
2644 -> 2645
2645 -> 2646
2646 -> 2337
2647 -> 726
2648 -> 2647
2649 -> 2648
265 -> 423,73,909
2650 -> 2281
2651 -> 2652
2652 -> 2650
2653 -> 2655
2654 -> 2653
2655 -> 1479
2656 -> 2657
2657 -> 2658
2658 -> 1530
2659 -> 2660
266 -> 267
2660 -> 931
2661 -> 2659
2662 -> 2664
2663 -> 400
2664 -> 2663
2665 -> 2666
2666 -> 2667
2667 -> 383
2668 -> 2381
2669 -> 2670
267 -> 2367,265,2707,441
2670 -> 2668
2671 -> 2673
2672 -> 2671
2673 -> 2355
2674 -> 2675
2675 -> 955
2676 -> 2674
2677 -> 1680
2678 -> 2677
2679 -> 2678
268 -> 2223,270
2680 -> 2512
2681 -> 2680
2682 -> 2681
2683 -> 2685
2684 -> 2683
2685 -> 181
2686 -> 2476
2687 -> 2688,2779
2688 -> 2686
2689 -> 2690
269 -> 11,1749
2690 -> 2218
2691 -> 2689
2692 -> 365
2693 -> 2694
2694 -> 2692
2695 -> 2696
2696 -> 1485
2697 -> 2695
2698 -> 2699
2699 -> 2700
27 -> 26
270 -> 269
2700 -> 954
2701 -> 2395
2702 -> 2701
2703 -> 2702
2704 -> 2706
2705 -> 2704
2706 -> 54
2707 -> 2708
2708 -> 2709
2709 -> 267
271 -> 129,2166
2710 -> 2712
2711 -> 2710
2712 -> 1309
2713 -> 2715
2714 -> 28
2715 -> 2714
2716 -> 2718
2717 -> 2716
2718 -> 1208
2719 -> 2721
272 -> 2267,273
2720 -> 2719
2721 -> 1346
2722 -> 2723
2723 -> 2724
2724 -> 2229
2725 -> 2727
2726 -> 2725
2727 -> 1119
2728 -> 2729
2729 -> 2730
273 -> 1207,2557,271
2730 -> 1574
2731 -> 2733
2732 -> 2731
2733 -> 255
2734 -> 404
2735 -> 2734
2736 -> 2735
2737 -> 2739
2738 -> 638
2739 -> 2738
274 -> 1336,275
2740 -> 2742
2741 -> 2740
2742 -> 2376
2743 -> 2744
2744 -> 1519
2745 -> 2743
2746 -> 2747
2747 -> 1218
2748 -> 2746
2749 -> 1859
275 -> 68
2750 -> 2751
2751 -> 2749
2752 -> 2753
2753 -> 2754
2754 -> 1351
2755 -> 2757
2756 -> 2755
2757 -> 1189
2758 -> 2759
2759 -> 2760
276 -> 274,287,332,895
2760 -> 2586
2761 -> 2275
2762 -> 2761
2763 -> 2762
2764 -> 2765
2765 -> 2766
2766 -> 1270
2767 -> 2769
2768 -> 1644
2769 -> 2768
277 -> 279,419
2770 -> 2279
2771 -> 2772
2772 -> 2770
2773 -> 2775
2774 -> 2773
2775 -> 2154
2776 -> 1617
2777 -> 2778
2778 -> 2776
2779 -> 2781
278 -> 277
2780 -> 2687
2781 -> 2780
2782 -> 2594
2783 -> 2782
2784 -> 2783
2785 -> 2786
2786 -> 1619
2787 -> 2785
2788 -> 2789
2789 -> 1360
279 -> 1999,237
2790 -> 2788
2791 -> 2793
2792 -> 664
2793 -> 2792
2794 -> 1801
2795 -> 2796
2796 -> 2794
2797 -> 1803
2798 -> 2799
2799 -> 2797
28 -> 13,2174,235,2713,82
280 -> 190
281 -> 2370,282,467
282 -> 280,675
283 -> 285
284 -> 45
285 -> 284,567
286 -> 288
287 -> 1582,286,699
288 -> 276
289 -> 290
29 -> 2540,28
290 -> 152,733
291 -> 1511,289,685
292 -> 172
293 -> 294,555
294 -> 292
295 -> 296
296 -> 2345,297
297 -> 104
298 -> 203
299 -> 2376,300
3 -> 0
30 -> 136,2010,29
300 -> 2047,298,900
301 -> 1837,302,322
302 -> 101
303 -> 1033,301,870
304 -> 1174,306
305 -> 304,380
306 -> 242
307 -> 2564,308,425,588
308 -> 309,390
309 -> 264
31 -> 17
310 -> 2635,312
311 -> 258,402
312 -> 311,525
313 -> 314
314 -> 315,342
315 -> 43,615
316 -> 318
317 -> 1518,252,986
318 -> 317,544
319 -> 321,392,538
32 -> 31,44,47
320 -> 319
321 -> 146
322 -> 1895,323
323 -> 324,966
324 -> 301,678
325 -> 1074,327
326 -> 2309,325
327 -> 1129,2401,39,982
328 -> 117
329 -> 328
33 -> 155,32,498
330 -> 329
331 -> 333
332 -> 331
333 -> 2609,276,361
334 -> 336
335 -> 334
336 -> 217
337 -> 101,1080
338 -> 337,512
339 -> 338,610
34 -> 1724,35
340 -> 341,944
341 -> 1868,314
342 -> 1967,340
343 -> 1574,344
344 -> 345
345 -> 46
346 -> 112,356
347 -> 346
348 -> 1532,347
349 -> 351
35 -> 1622,2380,36,705,85
350 -> 117,1367
351 -> 350,373,850
352 -> 105
353 -> 352
354 -> 1485,353,643
355 -> 346
356 -> 357
357 -> 355
358 -> 360,867
359 -> 358
36 -> 1
360 -> 200
361 -> 363
362 -> 333
363 -> 362,551
364 -> 366,456
365 -> 2693,44
366 -> 365,377
367 -> 18,399
368 -> 369
369 -> 367
37 -> 224,39,564
370 -> 371
371 -> 112,487
372 -> 370
373 -> 375
374 -> 351
375 -> 374
376 -> 366
377 -> 378,602
378 -> 376
379 -> 2425,381
38 -> 2074,37
380 -> 379
381 -> 305
382 -> 1394,1527,383,514,939
383 -> 143,2665
384 -> 382
385 -> 1236,5
386 -> 387
387 -> 385
388 -> 389
389 -> 308
39 -> 11,326,670
390 -> 388
391 -> 319
392 -> 393
393 -> 1402,391
394 -> 56
395 -> 396
396 -> 1135,2277,394
397 -> 1359,367
398 -> 397
399 -> 1401,398
4 -> 406,6
40 -> 123,405,41
400 -> 2662,401
401 -> 2443,311,958
402 -> 400
403 -> 40
404 -> 2736,403,805
405 -> 404
406 -> 408
407 -> 1824,4,621
408 -> 407
409 -> 1241,411
41 -> 42,61
410 -> 195
411 -> 410
412 -> 414
413 -> 249
414 -> 1586,2318,413
415 -> 23
416 -> 1414,2339,415
417 -> 416
418 -> 420
419 -> 418,789
42 -> 13,599
420 -> 1222,277
421 -> 422
422 -> 265,478
423 -> 421
424 -> 426
425 -> 424
426 -> 307
427 -> 126
428 -> 429
429 -> 427
43 -> 212,313,32
430 -> 26
431 -> 430,452,708
432 -> 431
433 -> 435
434 -> 1879,2081,433
435 -> 216
436 -> 78,935
437 -> 438
438 -> 1644,436
439 -> 267
44 -> 364,45
440 -> 1153,439
441 -> 440,702
442 -> 443
443 -> 259,618
444 -> 442,465
445 -> 61
446 -> 447,719
447 -> 445
448 -> 449
449 -> 1067,450,622
45 -> 1321,142,186,283,43,572
450 -> 169
451 -> 1116,453,912
452 -> 451
453 -> 431
454 -> 1864,364
455 -> 454,801
456 -> 455,922
457 -> 458,642,808
458 -> 258,494
459 -> 457
46 -> 166,32,343,66
460 -> 461
461 -> 113
462 -> 460
463 -> 464,481
464 -> 444
465 -> 463
466 -> 468
467 -> 466,490,988
468 -> 281
469 -> 169,838
47 -> 48,51,57
470 -> 471
471 -> 469,502
472 -> 474,575
473 -> 472
474 -> 15,535
475 -> 241,2546
476 -> 475
477 -> 476
478 -> 480
479 -> 422
48 -> 46,54
480 -> 479
481 -> 483
482 -> 463,856
483 -> 482
484 -> 485,506
485 -> 2071,486
486 -> 251
487 -> 1640,488
488 -> 1108,489
489 -> 371
49 -> 109,50
490 -> 492
491 -> 467
492 -> 2431,491
493 -> 458
494 -> 495
495 -> 493
496 -> 497
497 -> 33
498 -> 496
499 -> 1225,89
5 -> 148,17,386,4
50 -> 47
500 -> 499
501 -> 2131,500,999
502 -> 503
503 -> 504
504 -> 471
505 -> 1008,484
506 -> 507
507 -> 505
508 -> 1940,2254,510
509 -> 236
51 -> 49
510 -> 509
511 -> 338
512 -> 513
513 -> 1567,511
514 -> 2219,515
515 -> 516
516 -> 382
517 -> 101
518 -> 517
519 -> 1032,1171,2488,518
52 -> 175,192,53,913
520 -> 522,873
521 -> 59
522 -> 521
523 -> 312
524 -> 1380,523
525 -> 1021,1980,524,955
526 -> 528
527 -> 226
528 -> 1139,527
529 -> 530,738
53 -> 48
530 -> 1218,531,680,962
531 -> 10
532 -> 533,795
533 -> 534,786
534 -> 251
535 -> 536
536 -> 537
537 -> 474
538 -> 1385,539
539 -> 540
54 -> 227,2705,52,78
540 -> 319
541 -> 156,928
542 -> 2532,541
543 -> 2361,542
544 -> 1206,546,875
545 -> 318,833
546 -> 1908,2003,545
547 -> 548
548 -> 549,744
549 -> 264
55 -> 1195,1933,47
550 -> 552
551 -> 550
552 -> 363
553 -> 1808,293
554 -> 1726,553
555 -> 554
556 -> 558
557 -> 215
558 -> 557
559 -> 2640,560
56 -> 395,55
560 -> 1534,188
561 -> 559
562 -> 1077,37
563 -> 562
564 -> 1141,1251,1571,563
565 -> 566
566 -> 285
567 -> 1630,565
568 -> 569
569 -> 187
57 -> 56
570 -> 1708,568
571 -> 2264,573
572 -> 1014,571
573 -> 45
574 -> 576
575 -> 574
576 -> 472,774
577 -> 164
578 -> 579
579 -> 1664,577
58 -> 60,94
580 -> 25
581 -> 582
582 -> 580
583 -> 584,592
584 -> 195
585 -> 583
586 -> 1123,587
587 -> 1103,307
588 -> 1089,1295,586
589 -> 65
59 -> 2052,520,58,660
590 -> 1462,2611,591
591 -> 589
592 -> 593
593 -> 594
594 -> 1211,583
595 -> 596
596 -> 73
597 -> 595
598 -> 42
599 -> 600
6 -> 2,636
60 -> 18
600 -> 598
601 -> 377
602 -> 603
603 -> 601
604 -> 605,792
605 -> 95
606 -> 2099,604
607 -> 608
608 -> 26
609 -> 1754,607
61 -> 104,1310,446,63
610 -> 612
611 -> 339
612 -> 611
613 -> 614
614 -> 315
615 -> 613,627
616 -> 443
617 -> 616
618 -> 1513,1742,2033,617
619 -> 407
62 -> 41
620 -> 1852,619
621 -> 620
622 -> 624
623 -> 449,633
624 -> 623
625 -> 615
626 -> 625
627 -> 1266,626
628 -> 629
629 -> 630
63 -> 1995,62
630 -> 81
631 -> 1543,623
632 -> 631,804
633 -> 1638,632
634 -> 6
635 -> 634
636 -> 635
637 -> 158
638 -> 2737,639
639 -> 637
64 -> 46
640 -> 457
641 -> 640
642 -> 641
643 -> 644
644 -> 2417,645
645 -> 1335,2336,354
646 -> 648
647 -> 1946,646
648 -> 1010,254
649 -> 108
65 -> 590,64
650 -> 649
651 -> 650
652 -> 653
653 -> 1107,654
654 -> 1161,206,891
655 -> 153
656 -> 655,725
657 -> 656
658 -> 59,761
659 -> 1785,658
66 -> 100,65
660 -> 659
661 -> 1126,1132,667,77
662 -> 661
663 -> 2013,662
664 -> 2791,665
665 -> 179
666 -> 664
667 -> 1599,668
668 -> 669
669 -> 1473,661
67 -> 69,81
670 -> 672
671 -> 39
672 -> 671
673 -> 1015,282
674 -> 673
675 -> 674,822
676 -> 324
677 -> 676
678 -> 677
679 -> 2204,530
68 -> 205,21,276,782
680 -> 681
681 -> 2035,2119,679
682 -> 1915,684
683 -> 682
684 -> 113
685 -> 687
686 -> 291
687 -> 2025,686
688 -> 1443,2145,690
689 -> 1697,2236,2529,688,881
69 -> 68,75
690 -> 170
691 -> 692
692 -> 693,994
693 -> 103
694 -> 695,941
695 -> 696
696 -> 1097,147
697 -> 698
698 -> 1899,287
699 -> 1328,697
7 -> 127,8,950
70 -> 1377,71
700 -> 441
701 -> 1304,700
702 -> 701,759
703 -> 1191,1233,704
704 -> 1680,35,796
705 -> 703
706 -> 1275,431,854
707 -> 1257,706
708 -> 707
709 -> 711
71 -> 141,2
710 -> 709
711 -> 19,740
712 -> 1761,84
713 -> 1923,712
714 -> 713
715 -> 140
716 -> 715
717 -> 716
718 -> 720
719 -> 2232,2392,718
72 -> 239,70
720 -> 446
721 -> 723,886
722 -> 1000,184,2241
723 -> 722
724 -> 656
725 -> 726
726 -> 2649,724
727 -> 728
728 -> 729
729 -> 1058,21
73 -> 266,597,69
730 -> 732
731 -> 89
732 -> 731
733 -> 734,818
734 -> 1091,735
735 -> 290
736 -> 1889,529
737 -> 736
738 -> 2497,737
739 -> 711
74 -> 73
740 -> 741
741 -> 739
742 -> 743
743 -> 548
744 -> 742
745 -> 177
746 -> 2151,747
747 -> 1841,745
748 -> 749
749 -> 750
75 -> 74
750 -> 1388,80
751 -> 2054,752
752 -> 753
753 -> 161
754 -> 755
755 -> 1062,1406,756
756 -> 189
757 -> 2522,702
758 -> 1486,757
759 -> 758
76 -> 54
760 -> 1356,658
761 -> 762
762 -> 1578,760
763 -> 764
764 -> 765
765 -> 123
766 -> 768
767 -> 766
768 -> 170
769 -> 209
77 -> 125,663,76
770 -> 1049,769
771 -> 770
772 -> 1268,773
773 -> 576
774 -> 772,901
775 -> 2215,2413,254
776 -> 1382,1646,775,906
777 -> 776
778 -> 780
779 -> 778
78 -> 437,77
780 -> 122
781 -> 2434,68
782 -> 1046,783
783 -> 1353,781
784 -> 785
785 -> 533
786 -> 1563,2455,784
787 -> 2014,788
788 -> 419
789 -> 787
79 -> 80
790 -> 2117,604
791 -> 1215,790
792 -> 791,828
793 -> 532
794 -> 793
795 -> 2094,794
796 -> 797
797 -> 798
798 -> 1508,704
799 -> 455
8 -> 2,22
80 -> 1751,67,748
800 -> 799
801 -> 800,862
802 -> 803
803 -> 632
804 -> 1064,1522,802
805 -> 807
806 -> 404
807 -> 806
808 -> 809
809 -> 810
81 -> 628,79
810 -> 457
811 -> 813
812 -> 132,1480
813 -> 812
814 -> 815
815 -> 262
816 -> 814
817 -> 733
818 -> 1564,1689,819
819 -> 817
82 -> 84,88
820 -> 675
821 -> 1183,820
822 -> 821
823 -> 824
824 -> 122,2155
825 -> 1626,823
826 -> 792
827 -> 826
828 -> 827
829 -> 831
83 -> 28
830 -> 95
831 -> 830
832 -> 2245,834
833 -> 832
834 -> 545
835 -> 837
836 -> 128
837 -> 836
838 -> 840,947
839 -> 469,931
84 -> 714,83
840 -> 1152,839
841 -> 843
842 -> 1608,841
843 -> 1834,260
844 -> 846
845 -> 211
846 -> 845
847 -> 2494,849
848 -> 847
849 -> 134,1810
85 -> 86
850 -> 851
851 -> 2083,852
852 -> 351
853 -> 706
854 -> 855
855 -> 853
856 -> 858
857 -> 1821,482
858 -> 857
859 -> 1325,861
86 -> 87
860 -> 1238,859
861 -> 132
862 -> 863
863 -> 864
864 -> 801
865 -> 1259,358
866 -> 2077,2159,865
867 -> 866
868 -> 303
869 -> 868
87 -> 2513,35
870 -> 869
871 -> 520
872 -> 1100,871
873 -> 2519,872
874 -> 544
875 -> 876
876 -> 874
877 -> 878
878 -> 1862,879
879 -> 9
88 -> 90
880 -> 2355,689
881 -> 1932,882
882 -> 880
883 -> 247
884 -> 1081,883,976
885 -> 884
886 -> 1619,887
887 -> 888
888 -> 721
889 -> 890
89 -> 208,2551,501,730,82
890 -> 654
891 -> 889
892 -> 1041,893
893 -> 123
894 -> 1004,892
895 -> 897
896 -> 276,916
897 -> 896
898 -> 1957,899
899 -> 300
9 -> 7,877
90 -> 1559,89
900 -> 898
901 -> 902
902 -> 903
903 -> 774
904 -> 2138,905
905 -> 776
906 -> 904
907 -> 908
908 -> 265
909 -> 907
91 -> 93
910 -> 451
911 -> 910
912 -> 1789,911
913 -> 914
914 -> 915
915 -> 52
916 -> 917
917 -> 918,927
918 -> 2201,896
919 -> 920
92 -> 91
920 -> 1445,1848,921
921 -> 1028,121
922 -> 924
923 -> 2274,456
924 -> 923
925 -> 1056,2045,917
926 -> 1201,925
927 -> 926
928 -> 1503,929
929 -> 930
93 -> 22,97
930 -> 541
931 -> 2661,933
932 -> 839
933 -> 1095,2279,932,974
934 -> 936
935 -> 934
936 -> 1390,436
937 -> 2258,382
938 -> 937
939 -> 1120,1252,938
94 -> 95
940 -> 1950,942
941 -> 1850,940
942 -> 1891,694
943 -> 1166,1398,340
944 -> 945
945 -> 943
946 -> 948
947 -> 946
948 -> 1470,838
949 -> 951
95 -> 606,829,96
950 -> 949
951 -> 7
952 -> 235
953 -> 952
954 -> 2698,953
955 -> 1372,2676,957
956 -> 525
957 -> 956
958 -> 960
959 -> 401
96 -> 58
960 -> 959
961 -> 530
962 -> 963
963 -> 961
964 -> 1690,1744,323
965 -> 1187,2577,964
966 -> 965
967 -> 1711,968
968 -> 118,2330
969 -> 967
97 -> 99
970 -> 971
971 -> 2447,972
972 -> 191
973 -> 975
974 -> 1815,973
975 -> 933
976 -> 1192,977
977 -> 978
978 -> 884
979 -> 980
98 -> 93
980 -> 1245,981
981 -> 183
982 -> 1792,983
983 -> 984
984 -> 1170,327
985 -> 987
986 -> 985
987 -> 317
988 -> 989
989 -> 990
99 -> 98
990 -> 467
991 -> 993
992 -> 991
993 -> 188
994 -> 996
995 -> 692
996 -> 995
997 -> 501
998 -> 997
999 -> 998